# World Map - Random locations worldwide
# Format: lat,lng
38.10433,-76.18947
-34.53029,117.42942
43.20259,12.93286
26.84154,-73.14500
-17.27065,-51.06154
46.87106,20.28297
24.79586,100.29892
-29.11206,-68.03308
41.21649,27.42244
51.85314,35.85866
-26.56790,-44.90777
40.26797,-0.74780
54.57893,38.67337
50.80905,-115.55142
58.76087,-137.73499
4.62886,-64.19157
38.08676,124.53535
38.94304,0.07725
56.70254,35.99707
43.43827,137.30789
31.25687,53.26237
42.18358,140.49599
34.21918,129.04030
9.48409,118.62172
-44.78534,-66.46841
7.63510,-85.06433
46.13022,28.95109
47.74073,-111.69154
37.19206,128.64979
-6.28981,99.88813
39.94575,112.99398
54.76798,19.19347
14.16681,-99.39318
0.10255,-76.19577
50.22522,0.49505
-21.72539,136.87528
50.89419,-2.08616
37.83134,138.81623
1.93724,107.41895
46.94982,21.02753
43.30058,25.59420
65.21083,7.47529
-7.85188,-51.96729
33.32741,129.48956
18.47868,79.52329
50.87473,0.53437
-13.84701,114.42063
28.83279,-105.35385
-20.32371,119.66892
26.72981,-73.29414
37.20964,106.12817
36.09283,3.65091
14.65361,122.51716
8.64838,-87.07824
42.62079,-73.35336
23.27744,117.80808
7.14852,120.19876
-33.29327,-57.31032
43.75149,-122.91206
-13.51297,-53.60619
34.35432,46.26261
0.02100,97.23500
46.78900,19.41124
32.17650,101.10095
-32.62270,22.81322
39.88334,-3.62778
41.30585,-67.83264
20.35776,112.13984
43.55708,3.99444
28.67237,-115.12058
0.75247,-66.67198
26.05135,-113.03181
-26.48742,-53.50552
69.98774,15.82339
30.08784,111.30503
28.88582,-101.02630
38.00078,7.52533
2.34625,114.17168
57.86618,-81.06837
33.85387,-76.78030
49.79071,6.93176
15.40585,-99.51077
34.98375,-119.29485
32.79444,-76.92067
53.93644,32.19262
-34.21678,-70.69794
33.39004,-123.39979
28.33102,-82.66783
26.32991,-117.55033
-23.59454,-59.49977
45.42799,-107.89622
43.94145,-86.16168
50.70502,17.14515
24.43369,88.11618
-32.34858,-41.28687
45.57924,21.77450
42.65731,3.45841
55.31694,28.70974
48.33711,-86.45968
35.54612,-93.63512
30.32513,118.00720
47.29802,-75.23235
33.76158,128.90562
65.06992,6.43616
58.50874,-10.43625
7.62523,-79.81656
46.83282,-120.59056
35.82194,3.50484
63.96279,27.75066
24.61430,120.59184
30.03957,142.16030
55.08511,-75.02565
30.85896,-87.17393
51.08354,37.20333
44.65339,9.12984
48.02863,-81.30748
-11.14893,114.32769
-26.30271,18.53546
65.54927,20.14317
67.16006,-2.61354
45.62603,-3.30368
2.40287,110.84009
46.96240,24.32769
-39.27760,172.97738
34.16494,-93.35241
-32.41732,-36.45077
33.37055,94.82292
38.95764,125.71427
54.29740,18.04119
42.96488,-98.06432
44.56949,4.25409
32.98045,-122.33986
32.59629,105.95419
50.67287,7.51017
62.28376,13.10139
6.68683,105.50090
42.59058,-87.30458
57.50185,34.82806
8.00036,-84.34437
19.43112,96.66012
33.97483,42.47283
26.85196,-74.33430
57.77899,-9.19101
11.83513,98.40824
36.92876,-4.03487
25.63082,-91.75871
35.77373,-69.55074
36.71330,-5.42853
-32.87483,141.22844
27.87379,-116.83938
46.74215,-104.03748
28.62067,-121.28758
57.15385,28.01415
-52.12867,-71.60714
-10.34968,145.05855
-42.95772,128.82342
23.03706,117.48419
-43.77672,-54.15986
-43.99304,-53.84768
-29.59164,26.04276
57.08115,-7.83360
50.99581,-70.66135
17.30324,109.69841
-10.99257,-56.71446
26.57637,-108.49904
32.26779,-92.99132
11.90598,108.11257
58.94035,1.86896
-17.30824,115.40224
0.42913,-37.44847
27.56762,-87.42492
40.80959,-81.76203
-14.78302,-39.09052
59.85986,6.10911
43.39138,-117.13706
-41.15501,153.85207
58.91470,3.94965
17.32606,-112.64103
45.33888,9.22885
37.06058,129.01149
31.43529,109.57449
37.48706,126.47771
43.49829,-6.03064
45.26762,-110.40101
2.13246,-74.74185
46.75222,-72.60322
44.19176,23.39933
58.29897,-2.14134
40.47985,-5.88913
-30.35214,23.44115
46.44557,9.16848
22.04146,-95.18325
50.50544,8.89296
25.18449,-106.91484
69.84112,-1.62625
57.40872,19.61699
-7.00642,-39.93318
26.00574,-68.99774
-5.14135,126.13041
31.86721,119.31533
12.01505,106.65232
39.05003,29.93017
52.86616,37.51683
35.30419,129.81624
43.82220,-5.83150
45.27698,16.17299
20.37024,93.33052
-36.35168,118.35007
-11.59515,116.04222
40.86879,130.61883
28.50632,93.14848
27.32348,-107.58728
42.96955,-9.26724
43.90589,24.42863
32.53531,58.90476
62.68788,6.18137
35.72110,120.65967
-30.50249,135.38698
51.97616,14.04250
61.51765,10.20094
1.57139,-68.82636
28.42671,-88.54563
35.83732,-111.29039
37.19572,134.92581
36.59068,-76.71871
33.82147,-79.24366
40.50460,-99.59562
48.39171,-120.93924
59.71675,-134.70609
60.65808,-74.02623
-37.06608,126.07398
27.91270,-112.94118
33.53303,101.92675
36.75263,21.99206
65.61363,-7.23105
34.88702,125.69915
38.54780,-86.88210
14.96293,94.41333
30.48911,92.27232
39.78346,-9.22965
16.01289,103.50754
38.68241,28.25543
48.61777,22.48707
33.06183,100.19923
-44.79931,-59.71093
51.15405,40.56713
-11.69311,145.46554
39.52333,-74.44820
41.01747,131.24252
-3.16680,133.32852
54.69306,-5.04545
26.01525,-123.87551
25.95370,-110.22924
55.24568,25.41833
26.27817,-94.87957
30.32891,-97.93232
33.79114,142.78195
8.54141,90.62881
-43.91187,165.64526
24.44198,69.08650
51.04609,7.39954
-17.02927,122.15273
50.76726,-9.10608
43.10670,-79.40737
32.64840,135.73781
40.39489,-90.39373
24.05411,44.68514
29.41064,-89.19167
70.63332,9.19999
38.39926,101.87076
56.55269,-78.68099
33.12081,-89.12685
-5.47640,-51.20483
60.42666,23.43450
30.94585,-98.73450
50.98149,-4.45010
56.40563,-123.45430
35.79939,-84.19346
60.48127,13.00694
28.13525,94.70421
55.45189,11.55225
-33.82893,24.69899
69.50612,19.86268
52.11061,-0.84427
56.14096,24.92046
-3.63758,128.48027
38.71192,-1.42816
41.43978,-107.15397
-50.10173,-53.25348
23.87422,89.99294
31.13325,135.51219
17.87114,117.74192
57.20153,-123.65755
36.68824,-4.29687
-45.81522,172.07364
56.06446,-133.74980
46.78102,21.50130
20.82026,93.56796
30.24717,89.48740
-22.52531,-36.44100
38.77840,-76.56672
-5.46523,111.86321
33.43713,-122.45869
43.04029,-0.64851
27.48405,-71.05239
17.59418,115.66245
39.55153,139.39224
-40.07204,142.06760
36.08032,-108.09370
43.31480,-108.63252
68.87330,-6.53975
9.72627,-69.93266
-46.19869,174.77906
38.04814,41.76779
70.44340,7.65968
42.15603,18.73898
51.99230,-10.17818
35.49934,-68.21520
37.73574,127.53305
31.27853,114.79227
35.50416,-100.34848
19.78102,-96.97716
59.21861,18.16790
66.67287,-0.55966
47.73112,-65.93361
38.53901,3.74857
55.94952,-10.66486
48.99028,-81.86782
29.11486,112.83649
69.91487,17.79101
26.36536,-75.09820
63.86087,-4.90926
41.92439,16.55735
47.15164,-120.97200
-24.74377,-39.31452
-31.67340,19.92972
28.51466,-113.16369
-15.15936,-40.25048
52.36716,-82.72646
33.14832,-105.01588
37.62891,131.25590
37.10918,-114.64647
-38.35877,143.55908
-2.29619,120.17499
50.85405,27.41142
24.33440,-100.41028
25.47926,87.65316
36.91415,129.49627
49.97902,-3.42038
51.22098,-5.10263
38.99787,4.57971
-25.64814,138.86093
42.52363,-1.52241
15.56936,82.25696
56.67546,-4.16089
43.01981,141.00180
63.72278,2.66480
-4.60700,-79.32721
50.06383,20.57400
48.52065,-68.12574
62.80348,5.63899
-35.32439,166.21036
47.70362,34.13912
48.95633,-3.71479
47.83299,7.64926
52.85928,55.41903
-18.53485,-52.18765
51.72747,-69.59540
-37.29736,121.80336
51.33350,5.52728
33.92832,-79.21493
-12.78652,-40.88894
-38.79750,142.88207
10.64405,118.75439
23.84577,78.14304
-10.85866,117.10551
58.68124,8.27393
46.47822,-74.24398
9.25942,-83.25278
66.86325,29.47850
43.65233,5.16066
55.93497,26.61583
52.36116,29.01029
40.59906,-77.51716
56.82623,10.25638
19.12211,-86.33792
-54.08083,-67.21389
23.77941,-101.68871
22.89343,121.35746
38.09139,-105.72731
41.98985,11.87380
-30.09130,-61.05418
67.59819,8.46545
39.11123,15.67256
30.06942,76.78859
44.21443,18.24546
41.78546,18.68163
40.19613,-123.16057
-36.82401,124.47404
-24.60038,-61.28046
55.37431,-10.72235
53.22806,-5.82418
-39.65286,132.65906
52.35866,-6.17117
45.40435,142.35675
47.76453,10.37426
57.58050,-87.32246
-20.81473,-61.23119
-22.79846,-46.72680
45.27081,-2.60117
-21.32347,123.92761
-39.56699,175.91811
-33.79163,29.85439
-18.82471,152.73317
64.60321,-70.43792
38.22347,1.44858
59.75147,25.97790
-14.63824,-53.97368
10.45147,-74.11271
56.80817,8.58145
70.94591,19.88289
-26.21800,-52.04692
48.74775,-7.90079
64.59864,-1.01864
63.67401,-72.39054
2.28532,-77.69012
25.18552,-80.17915
50.26598,6.27833
47.07447,-119.71221
18.45438,-93.60307
45.90332,142.18574
26.93897,-88.50215
41.69221,130.74126
31.10396,109.00310
37.62220,125.08345
45.68862,39.21575
58.19833,-2.08048
23.90635,-88.19791
55.98332,31.38414
38.08701,137.41449
43.29681,-2.39287
38.79562,130.92459
-15.00628,-39.87570
38.64913,27.34375
36.15095,-83.27664
27.59724,-74.27759
-0.88405,102.04385
67.22628,-7.39184
42.45363,-93.33371
62.80421,-6.14826
-8.42518,-37.03318
48.36937,-95.22781
-21.90961,149.35279
36.12410,13.13358
37.41750,59.26229
61.08073,6.99441
31.46030,71.89718
34.04030,-77.50028
57.93620,-1.76208
45.51003,-0.40871
-31.15030,-44.11890
66.83025,16.37811
27.43912,101.86719
17.49755,110.29040
-29.37625,-52.40179
12.72376,-90.25640
44.48246,-91.61776
18.34217,82.08196
32.95123,139.88814
44.35401,1.87358
41.58130,33.46503
-0.80893,-69.39390
32.92871,140.78842
-14.93099,-71.18408
-43.55156,168.65980
43.54835,-95.35298
41.44943,-2.38466
38.79148,121.92997
-42.97744,150.63374
30.85778,135.10367
63.55811,-6.75713
56.68042,-8.99120
-32.80125,133.10789
65.69511,12.03225
17.28041,-90.96471
61.48663,24.55773
41.84271,-73.83244
-0.02234,38.77929
17.25169,103.12790
26.91245,-113.88311
59.84050,26.10760
47.48917,15.93059
44.82950,-7.54281
28.16615,106.62520
-11.49745,-39.53955
27.66848,-107.71391
28.80991,-102.62888
53.61856,-64.99126
-23.56464,120.18942
43.16177,129.70738
-24.20553,-45.42039
36.10649,127.54761
28.72446,68.25804
-34.96441,27.41776
3.17082,-72.69924
-37.82888,-67.17215
19.18994,72.29779
13.07426,74.13032
37.46082,1.85141
51.88033,18.61448
17.92142,-86.26281
-46.58347,-56.63769
44.91529,11.26356
-11.07145,122.05671
44.56089,-110.82387
-20.90211,-72.00526
44.40697,-96.85906
22.94725,92.38312
-32.72888,16.67056
70.97489,15.08083
56.84083,18.50119
50.25272,34.35980
47.08135,22.39109
34.75912,139.44624
56.46051,16.93469
46.72735,-116.15908
57.31396,-5.41482
43.89307,-0.45041
45.59621,10.68208
47.51205,-106.42509
36.02002,-0.27532
30.66871,-89.82096
32.35590,-88.84270
-28.54739,19.53080
41.01981,100.03655
-33.26153,129.89168
50.80983,-3.64605
52.61361,-2.22425
35.60906,-108.60999
4.79246,32.54566
-23.09058,-36.54443
1.39388,-68.95708
27.76416,-123.74861
-44.77918,168.79355
32.91150,-117.66612
22.47491,-100.33695
55.64680,-79.75712
58.56369,-10.57469
-24.64018,17.92196
59.54785,-3.26078
30.65867,-65.32848
49.48184,7.29764
65.18107,11.10620
39.18183,-8.58651
31.00102,130.72978
44.92361,133.65833
26.46983,-115.07415
-30.17477,-36.90219
38.72803,127.47444
41.16440,28.41487
27.42738,-78.74752
32.78684,88.43438
26.63887,-98.46752
50.61749,-1.05295
21.32433,-88.01400
29.20214,-78.25144
-28.26121,123.87371
11.35544,-79.75320
66.75527,14.94997
40.25610,-66.13763
41.82087,26.95666
36.75702,131.24698
-44.46041,-64.15127
46.98705,15.44046
43.93031,2.86809
52.14138,-6.79097
31.30188,107.05767
66.98540,6.34347
37.90946,3.61240
39.40984,-103.90123
35.22679,-83.61411
55.04975,32.91806
14.20584,-96.73582
32.71664,-96.46226
-22.55985,-34.87831
51.50099,-83.71072
64.07823,15.92192
45.87670,-91.02073
52.09537,26.82462
33.35641,110.87457
43.58688,140.01549
26.01342,114.09517
27.46215,-74.24646
-23.77138,-65.06987
43.28113,141.77287
68.91273,10.31954
54.90019,1.71195
38.87004,-112.23567
51.81725,35.16329
33.88127,-81.70424
34.19765,143.66482
54.40412,-5.69449
55.64788,-2.11775
37.08633,125.33058
29.23687,86.06868
35.21576,136.77836
36.42540,-1.83909
56.67157,42.52434
34.29659,143.08184
37.51895,125.66573
43.72631,-86.61236
-1.06222,33.56927
43.72827,145.75330
-33.76502,28.88947
-26.37638,18.89871
46.72353,-89.19566
41.41789,-1.09877
39.07516,-91.30482
37.62858,125.14678
12.34020,100.96705
32.44979,-97.88517
16.40424,-112.25125
54.99816,38.47822
8.78160,73.59014
-22.56717,123.07718
64.37701,16.44249
-35.14613,153.27757
44.76015,-120.57496
47.33982,-74.64942
50.22321,8.61985
22.10917,80.16822
56.24168,38.71738
-41.59102,131.90079
6.88467,103.80860
31.28264,-109.38261
50.15108,-5.04866
41.00879,16.11377
43.14907,11.48575
39.83501,-75.07845
38.95758,145.29386
43.87276,131.15710
45.03911,-92.07175
30.34287,-114.22672
61.18348,19.27686
-18.69451,-43.57777
38.80390,-4.42525
61.17459,5.14334
39.90433,3.04296
19.82483,-109.31054
41.23271,-110.74819
55.06859,26.12412
2.90753,101.03547
36.67842,6.18257
47.06620,12.55593
31.35603,131.27711
-31.14006,-62.89782
70.91382,5.28579
-20.89868,-73.81868
36.86752,12.09693
35.49259,128.50905
28.30239,-107.78724
38.83880,38.48618
64.50166,-106.51818
58.96203,-9.83366
56.67047,-125.50647
37.67201,57.89776
38.07881,125.28953
33.90824,127.05855
12.39850,84.59548
26.79694,70.84830
34.21960,-88.07735
12.59303,114.51270
37.75996,1.37312
16.02764,-111.96268
12.79476,93.24394
14.94484,-104.18766
15.11164,-100.02287
14.51002,123.15743
-34.45892,146.32263
57.40176,1.22379
40.76167,-111.54531
50.95229,-115.43465
42.45631,28.97914
46.91850,10.32042
67.94197,16.11556
-8.15804,-39.52945
33.69416,103.88526
55.84143,38.95180
65.49982,13.28000
57.31354,-90.11941
41.80799,-0.86969
-24.60131,27.03039
-34.27205,-62.99616
22.45889,93.13993
54.36216,38.16823
-2.61124,103.66760
55.96492,-2.65784
10.95766,105.55622
-17.69421,153.98384
50.09174,0.17908
15.43618,72.17173
40.95515,136.06572
26.05425,119.49842
64.59796,-90.38532
33.56738,-78.14951
52.61077,29.66995
-32.64361,22.45576
-16.51143,-42.40932
32.68270,69.94335
27.10698,-84.08424
4.79223,103.78301
-18.58797,-51.44464
-0.01156,-38.38538
45.18531,32.58891
38.03274,-109.80117
15.69687,79.21040
31.78945,-100.47384
48.25004,-55.79766
0.94555,110.54042
-23.31773,-53.48019
54.89788,-65.00114
10.41465,126.04371
41.44995,-93.41640
53.59976,15.58160
47.39392,35.95665
45.43269,-82.29145
7.35748,-71.58256
52.63488,6.49411
50.08401,-1.13034
35.40408,138.82487
-21.57202,-45.40450
33.98322,-115.84166
21.14590,-101.64310
27.01612,-87.96325
36.95291,-87.37016
41.25917,129.01847
37.62543,-94.56034
-37.45972,149.29813
41.93919,117.79131
-17.32910,-40.14076
29.72691,47.70832
36.50590,25.12673
57.12521,-96.18201
-11.62933,-35.25634
67.40228,12.30966
31.82731,142.17692
15.26526,79.87571
25.90594,-104.79414
12.29226,77.02257
27.45923,-98.22209
43.40811,-0.19463
34.29947,136.04183
34.39765,138.13935
-15.30567,147.65406
22.26046,-109.02479
40.45507,2.61339
37.24740,128.50750
29.61216,87.64851
58.74596,6.34824
50.55210,-3.79497
15.72451,83.53337
41.29269,105.19091
59.80966,10.63849
17.27153,-91.52398
21.63841,86.42688
51.25799,1.30140
51.70828,-9.41192
-42.53071,172.03884
43.71542,7.67797
27.31755,-80.67224
31.32273,129.52463
5.53861,-69.55622
28.23382,-99.39878
-28.96439,17.69675
33.30591,132.51803
-21.23989,-53.68805
3.00745,-75.48052
48.02246,22.41312
-25.94979,16.99699
18.69413,-109.69884
45.37575,26.32750
2.78028,-46.81764
59.62571,30.49274
-40.64174,173.59352
70.44578,-7.04746
6.92020,125.45062
28.60393,52.50036
58.51377,-5.55135
38.75457,41.22396
-5.00817,32.45972
15.89561,-85.19852
33.68387,-103.24414
-11.30156,128.31722
35.19247,128.41471
65.58408,15.03203
40.88653,-95.86030
44.89502,-80.67352
36.78880,-117.64175
54.58159,-122.82422
64.09112,29.25873
40.73222,-114.37123
27.73664,-94.40288
57.21731,5.34269
43.00682,-72.91447
31.08761,-124.02547
-52.30719,-71.42609
49.14556,-80.07600
58.60797,-129.90106
40.23693,19.51533
42.30546,-66.89608
56.20878,17.95088
30.11213,-95.18973
-10.08896,-38.92880
-4.13574,-69.35348
-19.34106,150.67001
43.38440,18.28729
41.71909,1.38366
20.85908,70.28970
-31.38303,-64.75473
-23.21056,30.19895
58.08305,45.68190
-11.29815,139.61639
-38.49709,119.45766
48.29433,37.03426
38.61387,-88.69431
40.74948,3.85095
-11.91653,129.21942
37.83427,131.38504
39.56964,1.66714
37.81627,-106.43193
-12.39880,-47.96943
29.45616,112.55102
33.24251,-82.14107
41.87262,8.21742
-3.14289,-65.94918
40.55592,30.21320
-30.05510,-66.23749
39.53024,-119.04929
55.00156,-136.14922
40.39996,131.70262
24.15418,47.47072
66.65485,-2.09833
-11.82310,-67.77038
15.42410,-77.32500
46.76299,-8.26225
51.50958,15.84047
45.28211,13.52212
38.07518,23.25247
63.83709,-3.17214
-30.68361,-36.00771
41.38232,143.08419
5.84887,115.81991
-27.55610,-47.25172
42.65620,-95.05736
62.32034,14.95773
-40.56759,147.67626
6.22127,137.23745
-30.71609,138.84220
38.01634,117.51814
39.53505,-1.66079
-6.97583,-62.96426
53.84752,-118.20226
8.10345,-68.26949
-17.71392,-63.86077
-33.76739,118.62668
4.45979,99.82605
31.85385,-70.01127
56.94312,39.67144
-35.77930,134.58439
63.45091,27.50804
65.76026,8.01235
-37.48419,172.11160
-0.36411,40.38536
32.26769,-108.51958
69.53605,1.89963
37.36921,-65.65264
55.21894,25.52537
35.66077,-107.90432
51.51035,28.80938
55.15868,22.52559
44.09415,10.81849
-3.13943,-60.56936
64.37623,-1.99583
36.54430,102.59873
-46.51515,-66.72678
15.87607,-81.15080
28.63153,58.16566
-10.28417,-45.57184
30.14859,140.82515
58.92343,-128.33180
7.70136,-77.08815
-20.11251,151.08265
23.19246,70.92872
29.32631,-112.14844
18.05660,85.22726
58.53244,-107.72599
-51.27072,-74.88571
31.99220,114.17215
-22.14734,21.03238
51.43534,32.20663
39.82571,132.35452
23.03904,111.26957
33.67646,127.49791
-15.88438,129.19495
33.79188,-102.02874
31.60874,57.06740
57.47869,55.24168
-0.61265,35.38301
33.99790,-123.30875
56.23110,32.12635
-42.99141,170.16708
-42.19778,170.79508
37.06176,-114.88185
69.68870,-2.03601
43.85726,133.24451
44.95228,-78.73413
44.41705,-115.06765
-32.40546,-64.96282
45.00050,-76.62799
38.96784,5.46356
26.34813,-94.55979
40.29548,28.16644
50.46915,-129.64070
-19.88149,151.84991
59.50916,-1.00009
57.01494,55.82123
60.66001,-8.62527
46.65476,26.15224
69.23641,-4.01918
-31.14930,135.32523
42.90668,-112.09203
-18.56609,-40.49885
37.14286,129.23946
38.13165,-4.66699
37.23187,139.77167
5.49553,123.79336
34.28770,-91.29964
65.88772,25.79677
55.26139,-8.48235
33.00069,-90.03563
35.49983,140.60338
52.71971,-5.69215
70.99677,0.49881
-35.77233,149.72636
59.36522,19.63677
63.25193,5.91061
-37.18869,137.29330
30.77354,-100.00594
65.70435,-5.01067
42.28977,14.43769
22.73985,106.66494
41.28367,-95.80203
60.43980,-78.72141
37.32459,125.83481
62.64304,1.37379
40.03882,104.48361
-43.07925,-58.08188
25.68096,-122.27229
57.96352,31.48128
37.46262,-76.93111
44.96253,-119.40619
57.11874,58.06536
-26.60712,-41.99595
45.37875,-113.33614
40.83423,131.79402
-40.72442,165.40291
36.64556,128.89485
-20.34736,-35.67623
-4.83124,-76.86019
-51.74275,-61.84304
38.86449,-106.23710
55.05267,0.89833
46.78904,16.96944
41.28437,105.91929
32.65878,-97.01165
39.36091,37.77540
41.37206,139.75710
42.48929,-2.52112
55.50954,-113.33103
69.51814,21.61788
34.61882,-116.48752
42.17691,133.96553
30.95849,-73.08155
39.56655,13.17443
2.78149,100.41579
52.99744,-3.58758
34.66181,125.42124
-44.40423,165.33456
35.97073,-118.34853
29.24553,38.33430
11.46095,119.58209
-0.33870,-69.91464
-44.53020,174.06356
40.32935,28.03227
-16.68611,127.54699
-36.41789,149.27075
47.76165,-122.37596
42.32209,-1.84874
41.83991,-6.35374
-4.05509,119.06472
30.94973,134.96386
37.08287,22.04121
39.73056,2.75439
37.60127,20.09216
51.86442,-8.19263
-22.86938,21.62026
-14.02654,-47.47029
57.22610,21.42820
-5.46578,-65.57122
16.80542,76.00982
50.97511,-7.96032
38.60355,125.65991
33.51728,127.17242
62.17740,-6.56401
44.64224,-88.18560
46.82496,2.25179
40.41773,10.08377
49.93038,-92.56263
46.50104,-98.01598
41.03120,2.15053
56.65185,24.51374
50.03641,-8.24094
38.81822,-90.59602
28.33304,-77.57762
59.58326,45.11680
58.24896,0.94497
49.24870,6.56122
2.42788,123.99432
19.59760,-113.36011
51.25426,-9.12926
19.43503,-94.59064
51.90072,21.60884
40.62712,-78.98246
-41.67438,-71.94552
30.16747,82.94282
52.95141,52.60782
-12.90398,-44.61353
61.82334,-127.43906
30.48583,36.21429
-14.48633,139.68975
10.73773,-70.16045
29.89655,-88.60038
43.64405,-90.94439
-2.02185,-62.57434
-14.16641,-35.08068
40.42478,-123.42477
35.54367,106.50417
28.39428,-104.01075
30.99068,-118.19308
-43.38946,-58.37660
52.54349,13.53858
29.35376,106.37790
-17.17966,-67.18051
66.26120,19.28618
43.71885,-3.41735
-44.21064,-67.08182
52.54616,25.48623
43.07898,-113.53379
57.82726,-6.72873
35.39946,49.72028
37.33459,128.14040
41.49110,102.12256
35.24234,-85.09353
53.73396,-9.71272
-13.80978,133.21636
44.53099,10.82930
-25.84979,-43.29384
39.15303,-7.47294
39.09343,-4.91128
33.48635,-85.07957
1.08452,101.30952
35.98431,-107.39345
42.36961,-85.60615
-18.72547,-46.37352
39.23451,-0.53038
67.46236,-3.69770
32.22763,-122.13503
48.40898,-117.15403
38.24982,133.72984
29.21668,-102.18755
51.13331,-3.66049
7.84444,117.71166
66.15974,7.32056
39.14970,113.82162
-43.46604,-67.63580
60.89794,-111.17775
43.04346,145.38509
45.74241,133.14652
70.66917,21.11398
37.61670,-78.85013
39.74626,6.59671
36.95043,126.50825
56.44278,10.86569
35.17846,140.96891
53.52051,-4.64044
30.49035,-107.85383
16.12805,-107.48900
35.76644,-124.68493
53.33477,-5.23602
41.27577,132.49834
38.94989,30.57694
29.81119,-102.19910
51.32799,0.70690
0.83006,102.68293
-22.74793,18.70972
-30.76818,-71.68087
65.98562,12.96784
26.90142,-109.64456
36.54537,37.47986
36.96157,106.24632
16.25507,125.38473
35.03328,136.66702
1.74456,-58.54251
58.08520,-100.00012
10.85121,-73.33224
32.80445,-65.32233
11.34457,68.88633
37.35340,-95.07442
31.84058,101.49738
6.33387,-73.98472
62.61235,19.06892
17.45249,122.98326
48.71996,-91.75088
34.37089,-96.79190
41.01118,-122.27496
36.05919,17.76725
35.94950,144.36460
55.49324,10.53843
36.01694,109.31230
44.92550,17.33550
36.32038,128.00004
32.21985,68.58675
26.51441,-78.42858
33.89296,-91.30093
41.86477,-106.46092
34.30392,80.85021
37.44395,125.59722
58.37994,-9.24968
31.24086,120.09742
-12.73160,144.74903
54.87536,11.89793
56.60525,32.50116
36.70706,107.95144
-32.65262,-53.27642
-42.28059,115.64335
38.42244,12.81806
38.73448,3.14523
30.06962,-116.76591
-32.54966,-52.35271
36.40722,19.54353
38.60745,124.56418
49.84916,-83.06411
-2.38051,-37.32509
44.63777,28.64057
44.23214,-6.40340
31.13247,-105.31266
-34.74825,167.14496
2.72682,-73.38140
33.26835,-72.32239
10.26799,101.13503
47.62649,17.92448
34.55282,-86.02636
56.73566,19.76657
40.62200,-78.86224
48.93345,-5.26760
61.49908,-0.58968
24.94685,105.52336
36.90012,127.20050
49.44542,37.60640
61.96825,10.11886
34.57794,96.19278
53.45294,50.17121
-1.94913,105.50724
51.92529,2.69022
-46.36935,-61.24926
44.91428,-83.23568
31.41932,-110.12487
9.74409,120.07461
37.57429,18.76185
64.64482,12.53414
59.90269,22.36903
30.55343,-86.08767
43.07374,145.79863
50.66574,12.42547
57.59321,36.44662
32.50198,-81.89823
30.80652,-116.38539
34.88815,140.89050
44.43558,-85.88975
-37.45636,136.52925
38.98424,38.41409
24.93511,92.18914
10.24807,-73.61404
44.70030,145.87227
21.65341,123.41835
-3.88997,-38.53349
-26.42269,-66.35543
36.96493,55.97040
48.98116,-96.72459
43.94688,17.78959
35.55053,-95.94493
31.41875,-114.17504
41.08159,101.72316
3.69832,-68.34847
58.61454,-137.31651
-39.70191,-56.54916
37.73336,-97.77707
51.56822,-10.31881
39.39208,134.91472
63.41042,-65.81049
48.52798,22.01052
44.72194,15.45009
34.85574,128.70847
52.31875,-105.95056
48.22472,-83.09120
39.72417,23.16139
46.56830,-98.29333
-5.90382,32.28816
-7.38675,-41.55946
48.31156,12.60425
42.54224,136.81289
32.79125,131.72231
65.66230,8.11178
-2.39479,41.77896
39.97026,-7.78828
58.67624,-10.20927
59.55016,-75.07218
-24.82727,115.50014
43.17252,135.23665
37.51467,127.94787
36.82826,-4.20611
70.50905,24.91928
-8.16570,-59.43697
56.71099,-4.80880
-15.63125,126.59355
53.20755,-74.12735
51.47559,-3.58896
7.96297,-79.15864
32.20588,135.52307
43.51603,-80.88878
38.23953,-88.28310
44.08200,130.58261
68.45709,10.68122
51.84654,-109.88561
-23.52409,-62.60278
33.40520,126.31093
38.77412,-93.23241
54.49180,-57.79899
-17.91794,-58.45099
49.49734,-57.30260
61.77649,10.30098
-31.21068,-60.46522
37.33751,34.63474
-0.50298,35.84877
36.45557,105.71011
61.19140,-0.99033
49.31334,-9.82312
-12.02099,-42.75496
-34.45374,-58.45040
44.05402,-3.39348
45.83641,130.74108
41.72358,141.42584
16.56582,-78.39849
36.61586,33.83443
36.01421,-1.39259
34.49736,138.15907
53.30489,29.46521
60.93510,-78.34744
-19.34814,-62.79910
-17.57096,-50.96491
42.49198,26.52431
44.01668,-9.03699
-24.40099,136.08746
64.67554,18.94162
29.36712,-67.02412
47.25579,-86.73800
68.37035,16.52804
61.11643,-3.89208
19.14695,117.00662
24.74737,71.48817
27.63109,-111.55966
35.07581,-77.36605
53.50098,25.82519
-15.13863,126.26714
56.32583,36.02667
40.47341,133.25662
37.59396,3.28752
43.95167,132.17832
58.10610,24.87727
34.76334,145.98832
-12.83866,114.15647
64.57884,18.94511
50.80222,30.89125
28.22195,87.97667
15.20385,-83.32533
-7.55258,35.14238
39.34279,26.00322
58.36963,15.48497
70.34024,6.08647
35.31793,-108.00521
36.27467,29.11895
1.41288,-72.89420
41.50368,138.28801
64.33373,-121.71272
34.19799,41.83990
39.42553,-7.81385
54.31084,-5.77898
54.56685,23.14114
41.51015,18.82337
45.36981,34.40149
28.44410,73.01349
38.48476,8.93309
17.28447,79.91581
20.97522,120.12463
-42.27687,137.05098
12.78988,109.25997
30.15334,131.32109
-2.73320,-76.00975
58.75504,13.43699
39.39258,2.93154
-2.85901,136.46365
39.83772,8.82338
50.59441,-55.92729
53.00543,26.07671
45.99839,138.43351
11.04828,100.58969
-32.13606,-61.36384
-24.53777,-72.86454
-5.44909,-68.59906
-6.06604,112.64332
1.04799,37.76649
54.47488,-101.15597
37.84265,126.35990
12.41487,93.94027
43.06766,136.46419
26.92165,-85.34485
57.89538,29.81757
38.68859,42.27520
52.49475,28.51008
30.09694,80.14033
28.77784,-87.92971
37.57636,129.77226
14.28112,120.14351
63.30407,16.52404
68.09733,23.41054
41.81353,100.77705
23.55875,-97.22372
54.16936,36.57415
4.98374,-54.32209
39.24610,-7.09851
32.65571,131.36699
-2.23983,-56.64962
-39.66594,125.37237
35.30173,-88.11143
40.16166,-76.31014
52.05790,-135.70407
-18.81837,-48.90443
60.29291,24.77036
45.29251,-105.82473
18.22112,121.90501
24.27188,109.11618
41.40937,17.89643
38.89693,108.18252
31.88579,134.19146
26.80099,-86.74925
44.04871,-94.47466
33.98300,129.76508
33.33821,-121.10366
59.08282,30.00944
4.28829,-71.79623
-35.58410,-66.02303
-27.00558,150.41976
-16.06259,150.60764
45.28372,-66.52720
36.84270,39.62027
-25.70658,-52.46822
42.80523,10.89063
34.04128,-115.26517
36.21834,126.95366
5.31961,140.79173
50.76586,-1.64365
15.56128,-96.25307
12.64573,-85.14802
32.61092,86.77378
39.45888,-75.65952
-32.74873,-51.48590
40.18010,16.01656
1.75811,96.71872
64.26239,-4.28770
62.82179,21.49354
41.29749,-68.07059
2.26356,37.58344
38.56413,-3.60537
70.49750,26.36366
-10.27913,-46.77126
63.24812,10.16735
66.08724,-7.87428
-40.02151,122.53756
-29.16592,-71.69053
44.16242,38.96125
38.41966,30.46500
-11.68999,151.89662
-3.64029,-68.69674
43.24466,-6.64064
-25.59367,17.72194
29.88041,-111.55055
48.32132,36.16398
5.13530,122.77295
47.32461,24.22050
24.39827,103.94038
45.20407,134.56392
52.73928,-4.59588
40.27895,118.51665
43.97644,-1.31836
-23.78146,-49.42834
45.88089,-103.84644
26.75135,-121.40522
54.84582,11.58290
-1.77951,-35.30618
3.55895,-68.42467
29.71643,-114.46202
61.02551,-7.72011
-35.43321,167.04235
32.97206,139.80353
65.10597,13.16034
38.52683,-75.48582
33.71947,-76.93424
45.48885,24.43193
36.13803,128.91494
7.49819,-86.83207
-52.00071,-61.39045
-48.44129,-65.12544
40.19384,-92.09861
-36.78829,153.50825
70.83023,9.49634
42.22521,25.05787
41.09493,139.96942
47.68559,-94.67333
33.70969,135.88581
42.03721,142.74841
16.95034,74.88980
36.18305,125.04237
-24.59158,-67.30901
68.00917,3.76556
63.86428,15.82108
44.73354,-6.91619
10.44879,120.85462
42.30016,-112.09862
38.18005,27.03123
-22.06000,-65.49935
55.74072,39.30947
27.03897,-121.84347
66.52584,15.75780
30.29723,75.81318
-44.05885,168.49131
49.15715,25.00736
67.19991,8.37957
-51.25597,-68.29752
-33.26802,126.06739
37.16963,-97.23730
58.39382,50.71785
17.32448,98.13669
21.48522,-99.97373
-7.40701,-51.76663
-29.98570,30.46142
27.21982,107.87522
60.17150,8.81727
36.94056,-69.54137
33.15579,-124.63365
59.28283,-110.55910
36.56358,127.64143
-13.90633,133.18130
-31.16043,16.66990
57.63230,-5.08867
41.28110,-107.95118
64.33007,-9.80504
55.24780,29.08063
2.43037,40.51871
33.46861,37.69414
48.95561,-108.52668
5.52163,-75.31986
3.59050,-70.78911
52.57382,35.24379
-10.38088,38.61713
-38.74988,150.10820
38.30359,-77.49093
24.05810,114.34781
38.55079,132.70311
45.04272,-102.92954
30.89409,-90.61715
-30.85513,-53.34806
-34.40344,30.48398
39.71440,31.78736
53.09861,17.16009
30.77455,130.69277
34.48632,-89.04050
58.15293,0.05565
56.05107,-3.40072
34.61259,129.43207
-41.44112,168.82914
58.81141,12.62700
45.77916,-105.08452
44.23022,-116.69609
-5.20234,-60.56276
39.47525,135.61021
-34.38083,172.66644
42.07109,20.32517
52.56152,17.03542
50.02552,0.15928
40.70019,-6.53714
26.65995,108.66059
42.02798,-99.93836
-26.91651,30.93408
-40.26142,-64.34691
33.23896,125.30234
25.06326,-110.20701
-52.78565,-65.43712
14.74179,117.20831
5.35200,-80.29125
22.12756,110.25090
37.96823,0.01776
5.14816,106.76630
37.48623,1.27008
50.13374,-0.73020
36.87429,132.60147
60.11721,18.71415
-31.22263,29.62713
-7.77419,35.45749
57.29170,21.73326
-14.44398,-37.24092
36.77142,127.50524
63.77897,-75.82796
39.22705,17.12198
25.39445,-94.07746
-24.33684,151.40420
4.74170,118.53400
-38.32291,166.11420
45.59837,18.42989
45.52704,-88.09950
58.45186,1.99035
-34.98138,-71.26918
-27.92558,-74.34824
34.99808,-86.66053
32.69134,136.77446
-22.48997,20.62116
64.20367,10.94418
68.74300,7.13129
36.94857,9.28249
50.96919,34.62052
-47.97020,-68.08797
-26.45836,-56.09081
38.79272,-3.01627
35.71055,-65.21809
41.78660,31.54769
-34.76515,115.77959
23.91154,103.33785
39.45758,-79.38708
57.61525,23.63680
33.52013,125.50233
29.03518,-94.37100
-43.64494,-66.52477
47.59857,-115.74834
20.84964,115.40097
63.39224,0.41611
-30.93481,28.55518
10.17507,122.68520
59.58872,31.06718
11.49754,-80.46542
36.68169,17.87296
39.25857,106.11379
31.95212,-67.60099
4.35766,108.71730
55.77156,-60.69297
9.04713,93.79765
41.17525,-108.67383
69.96402,-4.64297
34.62933,133.54483
40.05322,-115.94256
38.71850,108.19484
47.10790,-73.27340
54.12852,-8.49345
-25.22850,-37.31007
27.98740,-102.91885
50.96904,-9.70991
-16.52845,145.58870
66.15854,-2.54031
43.52828,139.49517
-44.59654,176.51141
19.75562,96.92081
45.28201,17.99778
-3.48325,125.43657
-37.25131,152.71846
38.86618,129.93441
69.50246,0.09784
-29.65428,-63.98256
65.87068,18.60291
35.14608,121.22515
38.22019,-117.48978
47.04086,-1.96777
34.40699,-89.29753
51.34081,-110.35173
32.40497,-123.60942
33.82278,128.86730
22.42437,-111.02285
33.30455,-68.54576
55.73381,-67.99035
56.17488,-4.62650
58.63460,7.43615
2.01066,-69.85179
50.82515,-1.69959
-51.01393,-62.59529
52.25589,-8.73154
35.36209,0.83149
54.97683,12.43927
67.63750,6.36771
39.79409,3.03691
40.23515,-3.25908
-5.02030,104.18847
-15.06613,148.28745
21.29750,-101.42187
70.86425,5.87343
-3.10725,39.00580
23.82426,106.20547
-43.57715,171.04575
61.94308,6.55041
33.49457,127.68282
64.09218,-71.60765
14.73624,81.23701
-45.00333,169.69078
-26.42102,128.92363
7.54072,120.17003
43.14820,26.18354
53.30320,-2.68047
63.96410,-130.65888
36.73860,39.43006
39.66511,29.56332
-24.57056,27.53268
35.01362,143.97681
25.90845,122.51108
43.63401,27.16506
58.88917,-9.76531
33.61905,140.55971
64.24949,11.89195
-41.37952,-55.27643
-45.43355,-53.16311
21.68347,71.93384
44.04281,29.01007
46.53325,6.43812
43.78518,14.49760
37.33624,38.22303
47.74404,-95.82374
39.96139,-4.01338
35.72023,128.04416
42.45710,-75.86308
50.82525,4.01074
-22.00799,-41.18434
3.01115,122.12587
-27.20837,-60.13525
13.88127,123.12541
-7.60781,-43.19079
45.46783,-97.87744
19.25286,86.72109
-7.66332,-48.95574
36.40184,11.62165
43.11864,-118.17095
-30.07715,153.76561
-27.06807,-59.31161
57.04904,0.27075
35.38284,-70.35726
54.90533,-5.84878
19.25755,104.44853
30.06576,44.61657
30.43703,-116.74608
25.28750,111.65138
3.64677,33.12937
58.55500,0.12085
45.32851,132.43941
44.98138,135.27421
38.16488,127.84190
56.03438,-1.33918
30.43814,-111.57299
40.94491,-119.86316
28.07819,115.56794
60.72467,-8.07313
65.02916,8.55559
36.80577,129.17263
32.37498,88.71487
1.80351,95.90812
59.81335,49.50259
14.10469,-85.69457
-53.84844,-54.56714
39.05827,137.25074
21.55674,94.11320
58.98825,14.00202
39.13291,-93.56225
42.44995,-120.26438
31.00008,-86.52926
45.97881,-91.72756
30.38739,108.04505
37.86982,11.50040
66.28699,23.36139
43.92448,-104.31185
59.24832,-0.09400
43.31491,-95.10407
-21.57996,-66.27253
-45.55817,-72.08485
51.55932,-87.88921
59.05702,29.55458
-29.25289,-34.72858
9.29197,111.53424
45.53219,8.14489
-29.34007,-67.19300
38.63758,-2.31025
70.89038,11.67600
-30.86763,-72.63144
44.51643,-84.79302
-35.75942,147.70671
16.62398,98.24545
38.63354,16.49319
46.34768,-80.40154
-52.30775,-69.46261
1.65561,-65.61235
5.34058,126.66247
-9.21226,-56.33918
39.98852,-73.14519
25.00169,123.27900
37.33519,140.29044
33.74630,140.14325
30.98497,93.50065
49.26406,19.55927
41.88029,142.02063
45.04288,-71.97907
51.74718,34.49170
44.01296,17.16260
47.10588,24.54966
54.80370,47.11915
12.56036,-83.40947
48.19044,-75.98653
47.90877,-5.33562
57.00215,-4.32791
4.54856,33.30655
38.44344,139.86485
44.85775,22.98395
55.73894,-3.46106
33.13436,-97.79007
-37.81474,-62.33066
35.07598,-104.54624
48.46365,-62.46945
44.33016,10.06933
38.01211,-71.52010
55.11463,8.09758
-0.82550,-36.13766
-44.78863,169.88095
55.01885,33.99467
39.94298,3.05975
41.18328,-6.17663
30.13025,113.39811
41.05053,-5.49636
15.93141,-86.52719
34.49840,-106.38353
42.91394,2.23235
-23.12117,150.76257
15.39739,91.88168
41.38604,12.82331
39.40678,134.96072
-45.68365,167.67216
-52.03552,-55.17501
38.17320,136.11006
29.82844,71.65939
26.61360,-78.28908
34.85944,127.55652
-16.39506,141.60269
-10.27947,134.70672
37.11940,129.29981
65.42372,27.48850
-4.97490,127.35809
17.59021,-87.11866
40.02885,44.05675
34.05278,92.85622
31.98779,143.58008
45.61609,18.36582
51.30219,-9.31010
-45.93483,175.96900
45.34422,18.09964
69.90483,7.37541
-21.79118,-67.69122
26.58188,-119.32964
35.93756,101.00825
21.70896,108.85266
59.78639,-114.56508
32.74386,-82.44007
27.06917,-106.44256
44.74323,17.69797
27.42516,101.94718
-13.21763,131.18068
41.88811,-94.98426
-42.02708,141.01173
7.80385,100.83049
15.22734,120.76201
9.30020,121.34748
-8.61561,-53.86677
57.41470,0.82204
31.01453,-86.89657
1.54627,-73.01115
36.69628,126.38734
-38.39374,172.80280
66.16647,22.74414
39.13191,39.33983
5.13338,-77.12766
-37.61350,174.48966
23.86053,123.03186
38.74228,40.84699
35.73156,130.07662
65.74082,-7.81515
17.35158,-94.16485
1.40030,106.44586
46.47130,-101.80131
66.73034,18.40848